2078
2079
2080
2081
2082
2083
2100
52
53
2115
92
93
94
95
96
2145
120
121
2175
128
129
2182
2185
2208
2209
2211
2212
2226
2227
182
184
194
195
196
2251
2252
2253
2254
215
223
231
232
269
277
2399
2400
2401
411
412
413
446
496
497
532
8732
8733
8734
8735
8736
8737
8738
8739
8740
8741
8742
8743
552
560
565
566
567
568
8760
8762
8761
8763
8769
8770
8771
8772
8773
8774
8775
8776
584
585
587
8780
8781
590
591
8782
8783
8784
8785
8786
8787
8788
8789
8790
8791
599
600
8799
8800
8801
8802
613
8815
8816
8817
8818
8819
8820
8821
8822
8823
8824
8825
8826
8827
8828
8829
8830
8831
8832
8833
8834
8835
8836
8837
645
646
647
648
2705
2706
2707
2710
2711
663
664
665
666
2720
2721
2722
2723
681
2732
2735
688
726
729
730
8926
748
749
750
751
752
753
2816
2822
2823
2824
2825
784
785
786
795
2874
2875
2876
2877
2878
2881
9029
9030
9031
9032
9033
9034
9035
9036
9039
9040
9045
9046
866
868
9077
9078
887
9080
9081
888
9089
9095
9096
9098
9101
9102
9104
9105
9110
9111
9112
9114
9115
9116
925
9117
9118
9119
2975
9122
9123
9124
933
2977
2978
2979
2980
2990
2991
2992
2993
2994
2995
9137
2997
2998
9143
2999
3000
9145
3001
3002
956
957
3003
9166
9167
9168
9169
9174
9176
9177
9178
9179
9180
9182
9186
996
9189
9190
9191
9192
9194
9197
3054
3055
3056
3057
3058
3059
3060
9204
3062
9205
9208
9209
9206
9212
1048
1054
9247
1056
1057
1058
3113
3114
3115
3116
3117
3118
9258
3127
1087
1088
1092
3142
1102
1105
3183
9366
9370
9380
1330
1569
1570
1571
1574
1575
1584
1585
1586
1587
1596
1597
1598
1599
1699
1700
1701
1705
1706
1707
1708
1726
1727
1766
1767
1768
1769
1770
1853
1897
1899
1900
1901
1902
1912
1913
1915
1917
1922
1923
1924
1925
1926
1927
1935
1960
1961
1962
1963
1964
1998
1999
2004
2009
2010
2011
2012
2018
2019
2022
