2103
2104
2105
2108
2109
2110
2111
2112
2113
2114
2122
2290
2291
2292
2293
2296
2297
2298
2299
2300
2301
2302
2303
2304
2305
2306
2307
2308
2309
2310
2311
2314
2315
2316
2317
2318
2319
2321
2322
2327
2328
2329
2330
2331
2332
2333
2335
2336
2337
2338
2339
2340
2341
2342
2343
2344
2345
2346
2347
2348
2349
2350
2351
2352
2353
2354
2370
2371
2372
2373
2377
2378
2379
2380
2381
2382
2383
2384
2385
2428
2429
2430
2431
2432
2433
2434
2435
2438
2439
2440
2441
2442
2443
2444
2445
2446
2455
2456
2489
2490
2492
2493
2496
2497
2498
2499
2500
2501
2502
2503
2504
2509
2511
2512
2513
2514
2515
2516
2517
2518
2519
2520
2521
2522
2523
2524
2525
2526
2527
2528
2529
2530
2532
2533
2534
2535
2536
2537
2538
2539
2540
2541
2542
2543
2544
2545
2546
2547
2548
2549
2550
2551
2552
2553
2554
2555
2556
2557
2558
2559
2562
2563
2564
2565
2568
2569
2570
2571
2572
2573
2574
2576
2577
2579
2580
2581
2582
2583
2584
2585
2586
2587
2588
2589
2590
2595
2596
2597
2598
2599
2600
2601
2602
2603
2604
2605
2606
2611
2612
2613
2614
2615
9041
9044
9067
879
9072
880
885
896
898
899
902
903
904
906
907
908
909
918
919
927
928
929
9126
9127
939
943
944
9138
9140
950
9142
9144
952
953
9146
959
960
961
962
963
964
965
966
967
968
969
970
971
972
977
978
979
980
9151
985
986
1012
1013
1014
1015
1019
1020
1021
1022
1023
3079
1033
1034
3081
1043
1044
9261
9264
3130
3131
3132
9275
3135
9280
3136
3137
3138
3139
3140
3141
3149
9300
9304
9306
9308
9309
9310
9312
1154
1161
1162
1163
1164
1168
1169
1176
1181
1182
1183
1184
1189
1190
1193
1194
1225
1226
1338
1339
1341
1342
1345
1346
1347
1348
1349
1350
1351
1362
1363
1364
1365
1366
1367
1368
1369
1370
1371
1372
1373
1374
1375
1376
1377
1378
1383
1384
1385
1387
1388
1389
1390
1391
1396
1397
1398
1399
1400
1401
1402
1403
1405
1410
1411
1412
1413
1414
1415
1416
1417
1418
1419
1420
1421
1422
1426
1427
1432
1433
1434
1435
1440
1442
1443
1444
1445
1446
1447
1449
1450
1451
1452
1453
1458
1459
1460
1461
1462
1463
1464
1465
1466
1467
1468
1469
1474
1475
1476
1477
1478
2046
